%YAML:1.0
---
M1: !!opencv-matrix
   rows: 3
   cols: 3
   dt: d
   data: [ 1.4060161961304273e+03, 0., 6.3890794288925599e+02, 0.,
       1.4044632757868803e+03, 4.7871251303886407e+02, 0., 0., 1. ]
D1: !!opencv-matrix
   rows: 1
   cols: 14
   dt: d
   data: [ -3.1328050587120952e-02, 8.8678799742828507e-01, 0., 0., 0.,
       0., 0., 4.9150105673240754e+00, 0., 0., 0., 0., 0., 0. ]
M2: !!opencv-matrix
   rows: 3
   cols: 3
   dt: d
   data: [ 1.4060161961304273e+03, 0., 6.4135391795348085e+02, 0.,
       1.4044632757868803e+03, 4.8289862689313685e+02, 0., 0., 1. ]
D2: !!opencv-matrix
   rows: 1
   cols: 14
   dt: d
   data: [ -8.2302284677417639e-02, 2.0755316231495793e+00, 0., 0., 0.,
       0., 0., 1.6484017361092143e+01, 0., 0., 0., 0., 0., 0. ]
