%YAML:1.0
---
R: !!opencv-matrix
   rows: 3
   cols: 3
   dt: d
   data: [ 9.9871913388025668e-01, 3.2562031234450090e-02,
       3.8727325538392789e-02, -3.4384978037422506e-02,
       9.9828512567885941e-01, 4.7375955227412073e-02,
       -3.7118255708423649e-02, -4.8646911209556554e-02,
       9.9812610081238418e-01 ]
T: !!opencv-matrix
   rows: 3
   cols: 1
   dt: d
   data: [ -1.1764977080432895e+02, 1.2852702703736765e+00,
       3.6904118975006641e+00 ]
R1: !!opencv-matrix
   rows: 3
   cols: 3
   dt: d
   data: [ 9.9970776298212172e-01, 2.3169387828228551e-02,
       6.8969631684388088e-03, -2.3327096659583834e-02,
       9.9944599741215856e-01, 2.3739098935094627e-02,
       -6.3431218430753562e-03, -2.3893047618102473e-02,
       9.9969439684375694e-01 ]
R2: !!opencv-matrix
   rows: 3
   cols: 3
   dt: d
   data: [ 9.9944881444686995e-01, -1.0918524015700959e-02,
       -3.1350488577763964e-02, 1.0166125825526218e-02,
       9.9965883733043459e-01, -2.4059485299222708e-02,
       3.1602487029433558e-02, 2.3727511046936763e-02,
       9.9921883891021190e-01 ]
P1: !!opencv-matrix
   rows: 3
   cols: 4
   dt: d
   data: [ -1.1025935082905513e+05, 0., -1.4300014038085938e+04, 0., 0.,
       -1.1025935082905513e+05, 3.4471718906402588e+04, 0., 0., 0., 1.,
       0. ]
P2: !!opencv-matrix
   rows: 3
   cols: 4
   dt: d
   data: [ -1.1025935082905513e+05, 0., -1.4300014038085938e+04,
       1.2979141269232064e+07, 0., -1.1025935082905513e+05,
       3.4471718906402588e+04, 0., 0., 0., 1., 0. ]
Q: !!opencv-matrix
   rows: 4
   cols: 4
   dt: d
   data: [ 1., 0., 0., 1.4300014038085938e+04, 0., 1., 0.,
       -3.4471718906402588e+04, 0., 0., 0., -1.1025935082905513e+05, 0.,
       0., 8.4951190946994624e-03, 0. ]
