%YAML:1.0
---
R: !!opencv-matrix
   rows: 3
   cols: 3
   dt: d
   data: [ 9.9865994719259199e-01, -3.4021869419446508e-02,
       3.8997721401324348e-02, 3.3539127831349512e-02,
       9.9935328284908476e-01, 1.2966995144194934e-02,
       -3.9413662321605911e-02, -1.1641669122737891e-02,
       9.9915516050433084e-01 ]
T: !!opencv-matrix
   rows: 3
   cols: 1
   dt: d
   data: [ -1.1951183929980279e+02, -1.6751817578472470e+00,
       4.2455464432172061e+00 ]
R1: !!opencv-matrix
   rows: 3
   cols: 3
   dt: d
   data: [ 9.9980138880951808e-01, -1.9586228876880930e-02,
       3.6827398687771448e-03, 1.9562496800832732e-02,
       9.9978832208345769e-01, 6.3733621003230706e-03,
       -3.8067904428867386e-03, -6.3000526923876598e-03,
       9.9997290847432307e-01 ]
R2: !!opencv-matrix
   rows: 3
   cols: 3
   dt: d
   data: [ 9.9927158073625832e-01, 1.4006658528493780e-02,
       -3.5498189386579532e-02, -1.4229839119357178e-02,
       9.9988049426459213e-01, -6.0422568492476906e-03,
       3.5409315320922362e-02, 6.5429890769617641e-03,
       9.9935147454859052e-01 ]
P1: !!opencv-matrix
   rows: 3
   cols: 4
   dt: d
   data: [ 1.3198654989782290e+03, 0., 6.6641590118408203e+02, 0., 0.,
       1.3198654989782290e+03, 4.8110003662109375e+02, 0., 0., 0., 1.,
       0. ]
P2: !!opencv-matrix
   rows: 3
   cols: 4
   dt: d
   data: [ 1.3198654989782290e+03, 0., 6.6641590118408203e+02,
       -1.5785453769736786e+05, 0., 1.3198654989782290e+03,
       4.8110003662109375e+02, 0., 0., 0., 1., 0. ]
Q: !!opencv-matrix
   rows: 4
   cols: 4
   dt: d
   data: [ 1., 0., 0., -6.6641590118408203e+02, 0., 1., 0.,
       -4.8110003662109375e+02, 0., 0., 0., 1.3198654989782290e+03, 0.,
       0., 8.3612768960029532e-03, 0. ]
