%YAML:1.0
---
M1: !!opencv-matrix
   rows: 3
   cols: 3
   dt: d
   data: [ 1.4122797565004457e+03, 0., 6.3993549018071178e+02, 0.,
       1.4069596902837086e+03, 4.8020889704583504e+02, 0., 0., 1. ]
D1: !!opencv-matrix
   rows: 1
   cols: 14
   dt: d
   data: [ -2.1490867534949373e-01, 8.9146625744382901e-01, 0., 0., 0.,
       0., 0., -1.7372874769916604e+02, 0., 0., 0., 0., 0., 0. ]
M2: !!opencv-matrix
   rows: 3
   cols: 3
   dt: d
   data: [ 1.4122797565004457e+03, 0., 6.3978473400670089e+02, 0.,
       1.4069596902837086e+03, 4.7971785073767956e+02, 0., 0., 1. ]
D2: !!opencv-matrix
   rows: 1
   cols: 14
   dt: d
   data: [ -1.1704887941794245e-01, 1.7878579892089421e+00, 0., 0., 0.,
       0., 0., 4.1054463068696450e+00, 0., 0., 0., 0., 0., 0. ]
