%YAML:1.0
---
R: !!opencv-matrix
   rows: 3
   cols: 3
   dt: d
   data: [ 9.9877089745622250e-01, 3.1846504979250616e-02,
       3.7980185822326429e-02, -3.3584970833746418e-02,
       9.9837444209099535e-01, 4.6049138033084060e-02,
       -3.6451942727216649e-02, -4.7268102353491957e-02,
       9.9821690146546382e-01 ]
T: !!opencv-matrix
   rows: 3
   cols: 1
   dt: d
   data: [ -1.1867765169374185e+02, 1.5791403076618649e+00,
       1.9267695365095217e+00 ]
R1: !!opencv-matrix
   rows: 3
   cols: 3
   dt: d
   data: [ 9.9958938775245221e-01, 1.9325159959846377e-02,
       2.1156419479769796e-02, -1.9813669567316890e-02,
       9.9953611351330707e-01, 2.3129554275653982e-02,
       -2.0699622966489348e-02, -2.3539243302187800e-02,
       9.9950859407701231e-01 ]
R2: !!opencv-matrix
   rows: 3
   cols: 3
   dt: d
   data: [ 9.9977975343929548e-01, -1.3303199759247413e-02,
       -1.6231743252865638e-02, 1.2920880049668675e-02,
       9.9964184723066096e-01, -2.3435616569953424e-02,
       1.6537698497779668e-02, 2.3220726548438590e-02,
       9.9959356860023829e-01 ]
P1: !!opencv-matrix
   rows: 3
   cols: 4
   dt: d
   data: [ -1.2507669875469428e+03, 0., -1.6007273486328125e+05, 0., 0.,
       -1.2507669875469428e+03, 1.4392452978515625e+05, 0., 0., 0., 1.,
       0. ]
P2: !!opencv-matrix
   rows: 3
   cols: 4
   dt: d
   data: [ -1.2507669875469428e+03, 0., -1.6007273486328125e+05,
       1.4847078907878650e+05, 0., -1.2507669875469428e+03,
       1.4392452978515625e+05, 0., 0., 0., 1., 0. ]
Q: !!opencv-matrix
   rows: 4
   cols: 4
   dt: d
   data: [ 1., 0., 0., 1.6007273486328125e+05, 0., 1., 0.,
       -1.4392452978515625e+05, 0., 0., 0., -1.2507669875469428e+03, 0.,
       0., 8.4243304377079817e-03, 0. ]
