%YAML:1.0
---
R: !!opencv-matrix
   rows: 3
   cols: 3
   dt: d
   data: [ 9.9840114204952468e-01, 4.0849277916398523e-02,
       3.9070398614727081e-02, -4.2575838074554818e-02,
       9.9810483414838125e-01, 4.4430148119061819e-02,
       -3.7181414261081028e-02, -4.6022565588429779e-02,
       9.9824819854092628e-01 ]
T: !!opencv-matrix
   rows: 3
   cols: 1
   dt: d
   data: [ -1.1764627098241087e+02, 1.0845601788362755e+00,
       2.2973769890770028e+00 ]
R1: !!opencv-matrix
   rows: 3
   cols: 3
   dt: d
   data: [ 9.9928674564048781e-01, 3.2539060962593361e-02,
       1.9162711157759700e-02, -3.2962238486198558e-02,
       9.9921006121037592e-01, 2.2197846966227092e-02,
       -1.8425276693229464e-02, -2.2813660110330834e-02,
       9.9956993056571497e-01 ]
R2: !!opencv-matrix
   rows: 3
   cols: 3
   dt: d
   data: [ 9.9976691999028811e-01, -9.2166745319226442e-03,
       -1.9523283630209387e-02, 8.7747516674737316e-03,
       9.9970604098077309e-01, -2.2601667189021932e-02,
       1.9725856795261381e-02, 2.2425087226625291e-02,
       9.9955390351724960e-01 ]
P1: !!opencv-matrix
   rows: 3
   cols: 4
   dt: d
   data: [ -2.2318279031387335e+05, 0., -1.3157459454345703e+05, 0., 0.,
       -2.2318279031387335e+05, 8.3587997383117676e+04, 0., 0., 0., 1.,
       0. ]
P2: !!opencv-matrix
   rows: 3
   cols: 4
   dt: d
   data: [ -2.2318279031387335e+05, 0., -1.3157459454345703e+05,
       2.6262744348584361e+07, 0., -2.2318279031387335e+05,
       8.3587997383117676e+04, 0., 0., 0., 1., 0. ]
Q: !!opencv-matrix
   rows: 4
   cols: 4
   dt: d
   data: [ 1., 0., 0., 1.3157459454345703e+05, 0., 1., 0.,
       -8.3587997383117676e+04, 0., 0., 0., -2.2318279031387335e+05, 0.,
       0., 8.4980757285520910e-03, 0. ]
