%YAML:1.0
---
M1: !!opencv-matrix
   rows: 3
   cols: 3
   dt: d
   data: [ 1.4156564485940360e+03, 0., 6.3920241177505829e+02, 0.,
       1.4122494887695032e+03, 4.8007762999700634e+02, 0., 0., 1. ]
D1: !!opencv-matrix
   rows: 1
   cols: 14
   dt: d
   data: [ -4.7571606371082910e-02, 2.1863028926609283e+00, 0., 0., 0.,
       0., 0., 1.3220460271877162e+01, 0., 0., 0., 0., 0., 0. ]
M2: !!opencv-matrix
   rows: 3
   cols: 3
   dt: d
   data: [ 1.4156564485940360e+03, 0., 6.4114478787873418e+02, 0.,
       1.4122494887695032e+03, 4.8077620436820683e+02, 0., 0., 1. ]
D2: !!opencv-matrix
   rows: 1
   cols: 14
   dt: d
   data: [ -2.0795408185405337e-01, 5.8499953716851083e+00, 0., 0., 0.,
       0., 0., 5.3650622059259454e+01, 0., 0., 0., 0., 0., 0. ]
