%YAML:1.0
---
worldmat02: !!opencv-matrix
   rows: 16
   cols: 3
   dt: f
   data: [ 2.59632450e+06, -1.63722325e+06, -4377123., 7.87971312e+05,
       -4.96138875e+05, -1.32640075e+06, 7793256., -4909573., -13131349.,
       2.43406825e+06, -1.53496462e+06, -4103577., 10823258., -6819544.,
       -18238734., 3.61147150e+06, -2273975., -6079235., 2.73447125e+05,
       -1.72363750e+05, -4.60555094e+05, 9017511., -5681041., -15198108.,
       6.44386625e+05, -4.06219250e+05, -1.08559550e+06, 5008562.,
       -3.15704875e+06, -8443322., 7.51428850e+06, -4.73488450e+06,
       -12665238., 7.37614125e+05, -4.62363938e+05, -1.24575588e+06,
       7526179., -4737784., -12664652., 1.93971862e+06, -1.22106612e+06,
       -3.26425950e+06, 4.47210150e+06, -2.81998250e+06, -7.53887450e+06,
       3135266., -1973932., -5277063. ]
