%YAML:1.0
---
worldmat03: !!opencv-matrix
   rows: 16
   cols: 3
   dt: f
   data: [ 4.32585724e+02, -1.02111884e+03, 3.56872949e+03,
       7.26828247e+02, -7.76226257e+02, 2.73640259e+03, 6.50976990e+02,
       -9.74651672e+02, 3.75974365e+03, 4.30198456e+02, -1.02359131e+03,
       3.54877466e+03, 6.24996582e+02, -1.00824432e+03, 3.83201099e+03,
       9.75982422e+02, -1.04623279e+03, 3.67451416e+03, 3.70328979e+02,
       -5.53918701e+02, 1.74266675e+03, 5.52271973e+02, -9.15801636e+02,
       3.71327295e+03, 4.95200531e+02, -8.12121155e+02, 2.63323608e+03,
       4.71459320e+02, -9.79418518e+02, 3.69514038e+03, 5.36192627e+02,
       -9.49564941e+02, 3.72818848e+03, -8.75579224e+01, 3.18309601e+02,
       1.87132874e+03, 1.15163782e+03, -1.12367676e+03, 3.87326562e+03,
       9.85825256e+02, -9.69074524e+02, 3.38218066e+03, 4.88508698e+02,
       -1.09520874e+03, 3.79242896e+03, 9.96732422e+02, -1.02959827e+03,
       3.61390869e+03 ]
