%YAML:1.0
---
worldmat01: !!opencv-matrix
   rows: 30
   cols: 3
   dt: f
   data: [ -1.30001338e+06, 8.15635250e+05, -1.37724424e+04,
       1.73178088e+06, -1.09202862e+06, 1.83631055e+04, -5.85941750e+05,
       3.65847062e+05, -6.21308984e+03, -1.41738912e+06, 8.90262250e+05,
       -1.50244326e+04, -1.56039888e+06, 9.79607750e+05, -16527.,
       1.95028150e+06, -1.22870738e+06, 2.06578516e+04, 3.89353550e+06,
       -2.45499025e+06, 4.13169883e+04, -1.19886212e+06, 7.55355875e+05,
       -1.27130186e+04, -1.18176150e+06, 7.41497125e+05, -1.25203545e+04,
       -1.54675588e+06, 9.71525062e+05, -1.63956543e+04, -1.44481388e+06,
       9.07045312e+05, -1.53028701e+04, -3.93496844e+05, 2.48159703e+05,
       -4.17349609e+03, -1.18174262e+06, 7.41482562e+05, -1.25203799e+04,
       6495162., -4.09201075e+06, 6.88601172e+04, -1.54675588e+06,
       9.71525062e+05, -1.63956543e+04, -6.36970125e+05, 3.97887844e+05,
       -6.75116699e+03, 16234745., -10229652., 1.72156109e+05,
       -1.12841262e+06, 7.08008375e+05, -1.19551758e+04, 1.80377412e+06,
       -1.13751388e+06, 1.91283711e+04, 7.49634688e+05, -4.70106219e+05,
       7.96990234e+03, 6.81043688e+05, -4.27297375e+05, 7.24532520e+03,
       1.63242212e+06, -1.03014556e+06, 1.73263457e+04, -1.25380438e+06,
       786683., -1.32835928e+04, 1.56440238e+06, -9.87296812e+05,
       1.66043398e+04, 9.30704720e+11, -5.86502898e+11, 9.87409408e+09,
       -1.56769062e+06, 9.84178062e+05, -1.66045820e+04, 6.26001050e+06,
       -3.94549525e+06, 6.64166172e+04, -1.45056638e+06, 9.11084062e+05,
       -1.53744629e+04, -6.21085938e+05, 3.88541656e+05, -6.58908789e+03,
       -1.08836988e+06, 6.82874188e+05, -1.15308887e+04 ]
