%YAML:1.0
---
newworldmat01: !!opencv-matrix
   rows: 18
   cols: 3
   dt: f
   data: [ 5.43577538e+01, -1.24504387e+02, 6.61549622e+02,
       -1.47051971e+02, -1.27591576e+02, 6.76048035e+02, 1.16177254e+02,
       -1.40275635e+02, 6.62554626e+02, 1.17067421e+02, -1.39586853e+02,
       6.65011108e+02, -2.90978737e+01, -1.23109955e+02, 6.64771118e+02,
       -3.02626419e+01, -1.38825104e+02, 6.70053711e+02, -3.43478889e+01,
       -1.23638290e+02, 6.67477844e+02, 1.35822582e+01, -1.40630569e+02,
       6.68963257e+02, -1.45096512e+02, -1.29477798e+02, 6.74841187e+02,
       4.97740364e+01, -1.26448593e+02, 6.62602356e+02, -1.97401028e+01,
       -1.42560822e+02, 6.71885986e+02, 1.01789713e+01, -8.65655212e+01,
       4.12496185e+02, -2.62445698e+01, -1.28884155e+02, 6.68748291e+02,
       -3.04300003e+01, -1.39698013e+02, 6.70256531e+02, -2.95254707e+01,
       -1.29759644e+02, 6.68551392e+02, 2.78073673e+01, -1.24534996e+02,
       6.63781921e+02, -7.14292679e+01, -1.23711037e+02, 6.68056213e+02,
       -2.99859085e+01, -1.24604324e+02, 6.67604858e+02 ]
