%YAML:1.0
---
newworldmat01: !!opencv-matrix
   rows: 37
   cols: 3
   dt: f
   data: [ -9.89913147e+02, -4.50606781e+02, 4.64278076e+03,
       -2.38737451e+03, -2.16159863e+03, 1.05238555e+04, -3.09059082e+03,
       -2.03414563e+03, 9.86693457e+03, -2.23816040e+03, -2.12367188e+03,
       9.86610156e+03, -2.90355200e+03, -1.94060364e+03, 9.86645801e+03,
       -1.37731934e+03, -9.94064148e+02, 6.07140234e+03, -9.26080750e+02,
       -7.04201233e+02, 5.35117334e+03, -5.12529785e+02, -7.88158264e+02,
       3.94636792e+03, -3.82207812e+03, -2.48048096e+03, 1.21435352e+04,
       -3.42522852e+03, -1.95113135e+03, 8.77119531e+03, -3.09806787e+03,
       -1.98181641e+03, 9.86693945e+03, -4.97207214e+02, -7.31376831e+02,
       3.86901050e+03, -1.07804846e+03, -8.06894287e+02, 5.26181738e+03,
       -3.40790015e+03, -1.96904614e+03, 8.77107227e+03, -3.38631323e+03,
       -1.93036975e+03, 8.67490625e+03, -4.28324829e+02, -7.12754944e+02,
       3.75845068e+03, -5.11274231e+02, -7.61271912e+02, 3.86898828e+03,
       -5.23143433e+02, -8.13334839e+02, 3.98623193e+03, -1.02353992e+03,
       -4.66800690e+02, 4.78349268e+03, -1.17134705e+03, -1.60835852e+03,
       7.88721973e+03, -9.33475830e+02, -4.57431519e+02, 4.53604736e+03,
       -5.15937744e+02, -7.54317810e+02, 3.91505176e+03, -2.34926025e+03,
       -2.08861523e+03, 1.01192588e+04, -2.86860693e+03, -1.87988574e+03,
       9.13612988e+03, -9.75672424e+02, -4.48980652e+02, 4.56755029e+03,
       -8.04898438e+02, -6.37502808e+02, 4.76615869e+03, -3.61008667e+03,
       -2.24567358e+03, 1.11866992e+04, -9.50756042e+02, -4.24064178e+02,
       4.56755078e+03, -9.36802795e+02, -4.27054108e+02, 4.56755078e+03,
       -8.38216797e+02, -6.59400696e+02, 4.93792773e+03, -3.30463330e+03,
       -2.05214990e+03, 1.01509492e+04, -2.74776978e+03, -1.85553992e+03,
       9.28424219e+03, -6.33748901e+02, -7.24317627e+02, 4.22921338e+03,
       -9.29628418e+02, -3.93062408e+02, 4.53140088e+03, -2.60770093e+03,
       -2.26933618e+03, 1.05733955e+04, -8.28291321e+02, -6.31910950e+02,
       4.80592432e+03, -2.44427588e+03, -2.19162256e+03, 1.05735303e+04 ]
