%YAML:1.0
---
newworldmat04: !!opencv-matrix
   rows: 6
   cols: 3
   dt: f
   data: [ 2.46896973e+02, -1.28393646e+02, 6.46204529e+02,
       6.10935593e+01, -1.57068619e+02, 7.18604553e+02, 1.88462448e+02,
       -1.43722275e+02, 6.71836731e+02, 2.55029755e+02, -1.23145248e+02,
       6.41982971e+02, 1.80880966e+02, -1.25909531e+02, 6.65994019e+02,
       1.12977516e+02, -1.11714432e+02, 1.45627722e+03 ]
