%YAML:1.0
---
newworldmat05: !!opencv-matrix
   rows: 6
   cols: 3
   dt: f
   data: [ 2.47882889e+02, -1.46935974e+02, 6.58563721e+02,
       1.07068970e+02, -1.56942490e+02, 7.15147217e+02, 2.17161057e+02,
       -1.24062851e+02, 6.61695740e+02, 2.60797943e+02, -1.23417961e+02,
       6.44606873e+02, 2.24679535e+02, -1.50852432e+02, 7.09865051e+02,
       2.61035980e+02, -1.23401344e+02, 6.43892456e+02 ]
