%YAML:1.0
---
newworldmat03: !!opencv-matrix
   rows: 12
   cols: 3
   dt: f
   data: [ 2.50276855e+02, -1.39638962e+02, 6.44219788e+02,
       2.51544159e+02, -1.38689972e+02, 6.46302124e+02, 1.09347404e+02,
       -1.29636322e+02, 6.72915405e+02, 1.87728760e+02, -1.24306801e+02,
       6.54395569e+02, 1.87722610e+02, -1.24295860e+02, 6.53383911e+02,
       1.50680603e+02, -1.24156830e+02, 6.59555969e+02, 2.49036926e+02,
       -1.34780411e+02, 6.39147949e+02, 1.61328369e+02, -1.24584671e+02,
       6.58443115e+02, 1.18368660e+02, -1.99813339e+02, 9.51799561e+02,
       6.24190674e+01, -6.45115356e+01, 8.53518433e+02, 1.11595581e+02,
       -1.27486580e+02, 6.72346252e+02, 5.60365372e+01, -1.29967010e+02,
       6.85328857e+02 ]
