%YAML:1.0
---
worldmat04: !!opencv-matrix
   rows: 7
   cols: 3
   dt: f
   data: [ 2.04956112e+01, 1.13995026e+02, 4.29952118e+02,
       1.88528259e+02, -1.49459457e+02, 4.57922150e+02, -9.51806335e+01,
       -4.67261734e+01, 6.41965820e+02, 1.97674179e+01, 1.15763275e+02,
       4.41931946e+02, 2.59905052e+01, 1.13318245e+02, 4.37596558e+02,
       4.57711077e+00, -1.39787903e+02, 7.57284485e+02, -9.80628967e+01,
       -4.71793823e+01, 6.47365723e+02 ]
