%YAML:1.0
---
R: !!opencv-matrix
   rows: 3
   cols: 3
   dt: d
   data: [ 9.9922574328299607e-01, 3.0399573713532184e-02,
       -2.4975585650381295e-02, -3.0610250093613893e-02,
       9.9949860276492475e-01, -8.0966449946655358e-03,
       2.4716928404444182e-02, 8.8548850358858375e-03,
       9.9965527281220845e-01 ]
T: !!opencv-matrix
   rows: 3
   cols: 1
   dt: d
   data: [ 1.2078142238983830e+02, -2.6988411018298835e+00,
       -1.3925585009595893e+00 ]
R1: !!opencv-matrix
   rows: 3
   cols: 3
   dt: d
   data: [ -9.9930890559135399e-01, -7.9613317980282705e-03,
       3.6308792348582176e-02, 8.1203077703516473e-03,
       -9.9995806995388514e-01, 4.2330764009073842e-03,
       3.6273568993490587e-02, 4.5249895141156156e-03,
       9.9933165298732118e-01 ]
R2: !!opencv-matrix
   rows: 3
   cols: 3
   dt: d
   data: [ -9.9968403840485398e-01, 2.2337776110817630e-02,
       1.1525932369475182e-02, -2.2390002052703063e-02,
       -9.9973953211096001e-01, -4.4221875399819551e-03,
       1.1424148399013520e-02, -4.6788559479646564e-03,
       9.9992379566663758e-01 ]
P1: !!opencv-matrix
   rows: 3
   cols: 4
   dt: d
   data: [ 1.3674584279423971e+03, 0., 6.0329936218261719e+02, 0., 0.,
       1.3674584279423971e+03, 4.8374434661865234e+02, 0., 0., 0., 1.,
       0. ]
P2: !!opencv-matrix
   rows: 3
   cols: 4
   dt: d
   data: [ 1.3674584279423971e+03, 0., 6.0329936218261719e+02,
       -1.6521577582592823e+05, 0., 1.3674584279423971e+03,
       4.8374434661865234e+02, 0., 0., 0., 1., 0. ]
Q: !!opencv-matrix
   rows: 4
   cols: 4
   dt: d
   data: [ 1., 0., 0., -6.0329936218261719e+02, 0., 1., 0.,
       -4.8374434661865234e+02, 0., 0., 0., 1.3674584279423971e+03, 0.,
       0., 8.2768029935782576e-03, 0. ]
