%YAML:1.0
---
M1: !!opencv-matrix
   rows: 3
   cols: 3
   dt: d
   data: [ 1.4322846626404219e+03, 0., 6.4452794515096252e+02, 0.,
       1.4341790175490198e+03, 4.8050362940660614e+02, 0., 0., 1. ]
D1: !!opencv-matrix
   rows: 1
   cols: 14
   dt: d
   data: [ 4.2584711768434404e-02, 7.0318568398886078e-03, 0., 0., 0.,
       0., 0., 0., 0., 0., 0., 0., 0., 0. ]
M2: !!opencv-matrix
   rows: 3
   cols: 3
   dt: d
   data: [ 1.4322846626404219e+03, 0., 6.2570372415430745e+02, 0.,
       1.4341790175490198e+03, 4.7218583137331098e+02, 0., 0., 1. ]
D2: !!opencv-matrix
   rows: 1
   cols: 14
   dt: d
   data: [ -4.2451749436570915e-02, 3.9303775216074727e-01, 0., 0., 0.,
       0., 0., 0., 0., 0., 0., 0., 0., 0. ]
