<?xml version="1.0"?>
<opencv_storage>
<calibration_time>"Thu 22 Nov 2018 09:52:06 AM"</calibration_time>
<nr_of_frames>25</nr_of_frames>
<image_width>1280</image_width>
<image_height>960</image_height>
<board_width>9</board_width>
<board_height>6</board_height>
<square_size>2.4409999847412109e+01</square_size>
<fix_aspect_ratio>1.</fix_aspect_ratio>
<!-- flags: +fix_aspectRatio +fix_principal_point +zero_tangent_dist +fix_k4 +fix_k5 -->
<flags>6158</flags>
<fisheye_model>0</fisheye_model>
<camera_matrix type_id="opencv-matrix">
  <rows>3</rows>
  <cols>3</cols>
  <dt>d</dt>
  <data>
    1.3862166811610196e+03 0. 640. 0. 1.3862166811610196e+03 480. 0. 0.
    1.</data></camera_matrix>
<distortion_coefficients type_id="opencv-matrix">
  <rows>5</rows>
  <cols>1</cols>
  <dt>d</dt>
  <data>
    2.8731321593336481e-02 -5.9934759625373835e-01 0. 0.
    3.4142758716331567e+00</data></distortion_coefficients>
<avg_reprojection_error>2.6010690516613150e-01</avg_reprojection_error>
<per_view_reprojection_errors type_id="opencv-matrix">
  <rows>25</rows>
  <cols>1</cols>
  <dt>f</dt>
  <data>
    2.26462722e-01 2.05442354e-01 2.87740350e-01 1.76638156e-01
    2.88339168e-01 3.30862761e-01 1.37997046e-01 2.61033535e-01
    2.27448016e-01 2.76782632e-01 3.03774089e-01 2.00809553e-01
    2.91997761e-01 2.88121104e-01 2.85744429e-01 3.45588475e-01
    2.40796238e-01 1.78111970e-01 2.15790063e-01 2.68487573e-01
    3.00254822e-01 2.06063345e-01 3.62414539e-01 2.33039975e-01
    2.17219964e-01</data></per_view_reprojection_errors>
<!-- a set of 6-tuples (rotation vector + translation vector) for each view -->
<extrinsic_parameters type_id="opencv-matrix">
  <rows>25</rows>
  <cols>6</cols>
  <dt>d</dt>
  <data>
    -1.2795041629048817e-01 -3.6737790605798726e-01
    5.7769669935490729e-02 -1.6289181620692698e+01
    -6.1883635675944909e+01 8.0790743934549596e+02
    -2.1410004105738384e-01 -8.9752892085484148e-02
    5.1869277485698577e-02 -8.7179339396177156e+00
    -5.0075898056154237e+01 8.4710577215283070e+02
    -1.0670662126579784e-01 7.8260716835847877e-01
    -8.6314144245824009e-02 1.1290563523461106e+01
    -3.0053899024318063e+01 9.1191495845259567e+02
    1.0432475884236758e-01 -5.5534588094195148e-02
    -5.5985458470511319e-02 -2.8827601378572574e+01
    -5.1350973635996972e+01 7.9361956911566392e+02
    -5.3320454674170896e-02 -6.1292686089768378e-01
    7.6895186746497396e-02 -3.6537079332634081e+00
    -6.2232992481064322e+01 7.7776553739262636e+02
    -6.7441645502531988e-01 -1.4155439383403354e-01
    1.0654924358998036e-01 -2.4604404034588867e+01
    -5.6405569102005906e+01 8.8253977620394835e+02
    2.0778552028293262e-01 -1.0711850478591697e-01
    -5.5533858348239028e-03 -1.3245981149491726e-01
    -4.9241817746315995e+01 8.0811615880888837e+02
    5.3243539584856403e-01 -1.3615604130910700e-01
    -9.0567903667185118e-02 4.6651577863023164e+00
    -1.8342937548332308e+01 7.8341768204500852e+02
    2.0194570214103924e-01 -2.3825930146967525e-01
    -2.8981379580913746e-01 -1.0928257724675243e+01
    -3.0627542752360686e+01 7.9241000819953217e+02
    -7.2326972731530687e-02 -2.6014785712827998e-01
    -5.9158498695989503e-01 -2.5813093571321176e+01
    -3.4308069297582868e+01 7.9474204929363975e+02
    -1.5014500572895914e-01 -1.5399187525688224e-01
    3.0028029274679874e-01 4.6044758863315014e+00
    -1.0291764477843415e+02 7.9746025282532219e+02
    -1.9694227656629582e-01 -6.8156783202119764e-02
    4.0105046794470228e-01 8.5781634426990205e+00
    -1.0315589979492022e+02 8.0459295503103567e+02
    -4.6516492378622409e-01 2.9034774718294043e-01
    3.7195171207143735e-01 1.5930367089848751e+01
    -8.5441762178896994e+01 8.1707283056902907e+02
    -2.9270799036123513e-01 -3.1123213010808715e-01
    3.1614710538078561e-01 1.0521041826569418e+01
    -1.0239962614248883e+02 8.0002665223584472e+02
    -1.6745620799307098e-01 -4.8594262773456098e-01
    -1.2665506867425419e-01 -6.5774405218538545e+00
    -1.0552469816646631e+02 7.7082327801885515e+02
    -2.0597755646661156e-01 -6.9300248610348125e-01
    -5.4541996178844865e-02 2.5233462267052937e+00
    -1.1387430744590125e+02 7.5502551163616988e+02
    -3.9251693383772379e-02 2.7870866644260062e-01
    6.8066644914727498e-02 5.6507969610367255e+00
    -1.3610761090002623e+02 7.8655737791356785e+02
    2.9967076154899797e-01 1.1358993480912091e-01
    -5.0651351600644552e-02 -5.0454928267296484e-01
    -1.4329038005452824e+02 7.7499040432880383e+02
    5.9854801362780996e-01 1.6499844927590719e-02
    -1.4174032565952163e-01 -7.4731688783319559e+00
    -1.2608411231057931e+02 7.5387938619397789e+02
    -3.2649260365837190e-01 1.8541607954320964e-02
    -1.1421385173791591e-02 -1.4052604700343155e+01
    -1.0209412394440425e+02 8.1541023012537164e+02
    -4.5599809024008586e-01 9.6412558703946633e-02
    5.9795674488371676e-02 -1.9210845622192107e+01
    -1.0019534653824618e+02 8.0602317244381538e+02
    -1.6792019252849844e-01 4.4791480964728819e-02
    -7.0897174545460218e-01 -2.3245489629639231e+01
    -5.6783720224124970e+01 7.7688339043492795e+02
    -1.8841526767659869e-01 1.7727087163609132e-01
    4.6838349365718757e-01 1.4111419417189186e+01
    -1.2086241134940045e+02 7.9023206812418459e+02
    -2.0373333604520244e-01 1.6476868385162746e-01
    7.5815837088902194e-01 3.8153570324964491e+01
    -1.2836814275336582e+02 7.8345573561729668e+02
    -2.7685157856085341e-01 3.3287765883033460e-01
    7.1802385957437886e-01 2.5801205137155257e+01
    -1.2565467076709395e+02 7.9614128165486250e+02</data></extrinsic_parameters>
