<?xml version="1.0"?>
<opencv_storage>
<calibration_time>"Wed 14 Nov 2018 02:16:05 PM"</calibration_time>
<nr_of_frames>25</nr_of_frames>
<image_width>640</image_width>
<image_height>480</image_height>
<board_width>9</board_width>
<board_height>6</board_height>
<square_size>2.4409999847412109e+01</square_size>
<fix_aspect_ratio>1.</fix_aspect_ratio>
<!-- flags: +fix_aspectRatio +fix_principal_point +zero_tangent_dist +fix_k4 +fix_k5 -->
<flags>6158</flags>
<fisheye_model>0</fisheye_model>
<camera_matrix type_id="opencv-matrix">
  <rows>3</rows>
  <cols>3</cols>
  <dt>d</dt>
  <data>
    7.3048097120817215e+02 0. 320. 0. 7.3048097120817215e+02 240. 0. 0.
    1.</data></camera_matrix>
<distortion_coefficients type_id="opencv-matrix">
  <rows>5</rows>
  <cols>1</cols>
  <dt>d</dt>
  <data>
    3.0804797817984526e-02 -5.8139140834172143e-01 0. 0.
    2.1300443608690109e+00</data></distortion_coefficients>
<avg_reprojection_error>1.8513945456200423e-01</avg_reprojection_error>
<per_view_reprojection_errors type_id="opencv-matrix">
  <rows>25</rows>
  <cols>1</cols>
  <dt>f</dt>
  <data>
    1.43511593e-01 1.47987604e-01 1.21751592e-01 3.50783855e-01
    1.82345435e-01 1.67342767e-01 2.86321282e-01 1.81679502e-01
    1.64434806e-01 1.50687069e-01 1.58306420e-01 1.60813093e-01
    1.94910288e-01 1.97408840e-01 1.40579388e-01 1.81388199e-01
    1.58614352e-01 1.28022313e-01 1.89964116e-01 1.89560682e-01
    1.90144852e-01 2.03379214e-01 2.08824396e-01 1.41502574e-01
    1.23683915e-01</data></per_view_reprojection_errors>
<!-- a set of 6-tuples (rotation vector + translation vector) for each view -->
<extrinsic_parameters type_id="opencv-matrix">
  <rows>25</rows>
  <cols>6</cols>
  <dt>d</dt>
  <data>
    -1.1637925384864312e-01 -2.2004901341751325e-02
    3.0916508421438973e+00 1.7351597053426951e+02
    -4.4455984945286545e+01 8.2895846383021501e+02
    -8.8539894051719442e-02 -8.6491344926012459e-01
    2.8133098471276177e+00 1.6535387014830374e+02
    -8.1527220431279574e+01 8.4737350192952294e+02
    -1.1940023446640657e-01 2.8610320633509989e-01
    3.0454507255970538e+00 1.7890843986913734e+02
    -8.0097194547277212e+01 8.2796641566863821e+02
    4.5693977190480302e-02 -1.0295964880746282e+00
    -2.9506445310138538e+00 1.8658120690155150e+02
    -7.4448330122295289e+01 8.2966970332875326e+02
    -1.1396067416777464e+00 7.7470539730278579e-02
    -2.8831280223199340e+00 1.5772714329031126e+02
    -3.1357234976825808e+01 7.3863931520075869e+02
    -7.5825868992326562e-01 -2.2137654956550307e-01
    2.9857695792741055e+00 1.9147769926730166e+02
    -4.6524072262845657e+01 8.9296795043866643e+02
    6.9364835953836704e-02 -9.5037704217313568e-01
    -2.8496033901364468e+00 1.9664427200360731e+02
    -4.0128082817987057e+01 8.1749022562741538e+02
    4.6311794335750625e-02 -9.2140187457757528e-01
    2.9517325690741845e+00 1.9891144844436297e+02
    -6.7336770431977641e+01 8.0937847974991723e+02
    3.2314530651873619e-01 3.2963206787040417e-01
    -3.0964046434861103e+00 1.8699205021471579e+02
    -4.5916143233408555e+01 8.1885719672958862e+02
    -1.6221302699524609e-01 1.7071877405477570e-01
    -3.0934756798670913e+00 9.2569926059257028e+01
    -2.3523070363470413e+01 7.9973144989238199e+02
    -5.5892791396127561e-01 -4.4312649654393420e-03
    3.0762047105706656e+00 7.9002282811441333e+01
    -5.0923692648731418e+01 8.9465097639275302e+02
    -2.0020667610365486e-01 3.5779418903029662e-03
    -3.1051659500668598e+00 7.2335690786199478e+01
    -5.8777628490745442e+01 5.7563157615022317e+02
    -1.2534310201863488e-01 1.9262319512472575e-01
    -3.0257577553737001e+00 9.8565890639392975e+01
    5.6051174795040978e+01 6.2341333568953712e+02
    -1.3752829114138118e-01 2.1987763195383964e-01
    -3.0851240059901333e+00 1.0046811741926560e+02
    6.7736987901120941e+01 6.3328275088920100e+02
    -4.0327781875438340e-02 7.0843312550157703e-02
    -3.1204249185453570e+00 1.0187707576456435e+02
    4.0530709122151912e+01 6.6146178144690828e+02
    -9.1450734841996484e-01 -6.5907674447484202e-02
    2.9977130813625097e+00 7.6028801278695880e+01 1.8813449900581510e+01
    7.9644863749207502e+02 -1.1167159636177914e-02
    -9.3091174802392662e-01 -2.9303074220732910e+00
    1.1348008194762743e+02 2.8732606864757471e+01 6.9071364873229743e+02
    1.8939564372983517e-01 -7.7840970998924530e-01
    -2.9591085573938303e+00 1.4135013815842808e+02
    2.7335265703261147e+01 8.6981132245893696e+02 9.6079619855314868e-01
    3.3342710325336332e-02 -2.9598054129696747e+00
    6.8525018769905472e+01 -1.1460705557130366e+01
    8.2602313468845568e+02 9.9526474838954604e-01 6.8136208550047472e-01
    -2.7673369241722052e+00 4.5483036589172528e+01
    -5.9702933447414992e+01 8.3948997837788727e+02
    3.9235009053157865e-01 5.8404799841705690e-01
    -3.0141114397604376e+00 1.0693771669356329e+02
    -4.8265387042139196e+01 7.9262471774904418e+02
    7.2889164039859111e-01 -4.7887166379427065e-01
    2.9861402240828796e+00 1.5590317297127680e+02
    -3.1351607643510246e+01 6.4554926248155368e+02
    1.1354667139154968e+00 -3.6590157969381282e-01
    2.8307379321683426e+00 1.2640240490465375e+02
    -3.2764880314118493e+01 5.8014926712382601e+02
    8.2562788304255716e-02 2.6124358448630269e-01
    -3.1263495315775889e+00 1.8136664579284903e+02
    -5.5525988408949253e+01 9.1167295782189649e+02
    -2.0031429663618993e-02 -8.7304744179635296e-02
    -3.1108497138668714e+00 1.8597055330773168e+02
    -4.1530493896364653e+01 8.8786918437049655e+02</data></extrinsic_parameters>
