%YAML:1.0
---
M1: !!opencv-matrix
   rows: 3
   cols: 3
   dt: d
   data: [ 1.4069839062665578e+03, 0., 6.3787725595628092e+02, 0.,
       1.4064122627397892e+03, 4.7926731547221522e+02, 0., 0., 1. ]
D1: !!opencv-matrix
   rows: 1
   cols: 14
   dt: d
   data: [ -6.0508688020766914e-02, 4.7280200742646150e-01, 0., 0., 0.,
       0., 0., 0., 0., 0., 0., 0., 0., 0. ]
M2: !!opencv-matrix
   rows: 3
   cols: 3
   dt: d
   data: [ 1.4069839062665578e+03, 0., 6.4058057245135444e+02, 0.,
       1.4064122627397892e+03, 4.8342898251189928e+02, 0., 0., 1. ]
D2: !!opencv-matrix
   rows: 1
   cols: 14
   dt: d
   data: [ 3.4607066195124894e-02, -1.0715931091029388e-01, 0., 0., 0.,
       0., 0., 0., 0., 0., 0., 0., 0., 0. ]
